0.0 0.0
0.5 0.0
1.0 0.0
2.0 1.8
3.0 3.6
4.0 4.6
5.0 5.0
6.0 5.0
7.0 5.0
8.0 4.6
9.0 3.6
10.0 2.5
10.0 1.5
10.0 0.5
10.0 0.0
10.0 -0.5
10.0 -1.5
10.0 -2.5
9.0 -3.6
8.0 -4.6
7.5 -5.0
6.5 -5.0
5.5 -5.0
4.5 -5.0
3.5 -5.0
3.0 -5.0
1.5 -4.0
0.0 -3.0
-0.5 -2.6
-1.0 -2.3
-1.5 -2.0
-2.0 0.0
-2.5 2.5
-3.0 5.0
-4.0 5.0
-5.0 5.0
-6.0 5.0
-7.0 5.0
-7.5 5.0
-8.5 4.6
-9.5 3.6
-10.0 2.5
-10.0 1.5
-10.0 0.5
-10.0 0.0
-10.0 -0.5
-10.0 -1.5
-10.0 -2.5
-9.5 -3.6
-8.5 -4.6
-7.5 -5.0
-6.5 -5.0
-5.5 -5.0
-4.5 -5.0
-3.5 -5.0
-3.0 -5.0
-1.5 -2.5
0.0 0.0